[gd_scene load_steps=9 format=3 uid="uid://bqkxd2sjy0sc5"]

[ext_resource type="PackedScene" uid="uid://srsl3uk5f1ey" path="res://scenes/Player.tscn" id="1_1e5wi"]
[ext_resource type="PackedScene" uid="uid://cse6lcvpg1taj" path="res://scenes/ObjLampu.tscn" id="2_w11jf"]
[ext_resource type="PackedScene" uid="uid://lkppmuyy5btd" path="res://scenes/LoseArea.tscn" id="3_pojm0"]
[ext_resource type="PackedScene" uid="uid://c5wbrcbwf1qyn" path="res://scenes/Pintu.tscn" id="3_vos4q"]
[ext_resource type="PackedScene" uid="uid://b0up3t3btcepv" path="res://scenes/ObjKunci.tscn" id="4_h161o"]
[ext_resource type="PackedScene" uid="uid://ykpymw0vuoqt" path="res://scenes/ObjKunciMerah.tscn" id="5_cev60"]
[ext_resource type="Script" path="res://scenes/Pintu.gd" id="7_i8jjt"]

[sub_resource type="BoxShape3D" id="BoxShape3D_7q2qa"]
size = Vector3(1, 2.0614, 0.590698)

[node name="World 1" type="Node3D"]

[node name="DirectionalLight3D4" type="DirectionalLight3D" parent="."]
transform = Transform3D(-0.905626, -0.398407, -0.145304, 0.223617, -0.157502, -0.961867, 0.360329, -0.903585, 0.231729, 21.6347, 61.3188, 79.0056)
light_color = Color(1, 0.443137, 1, 1)
light_angular_distance = 15.45

[node name="DirectionalLight3D3" type="DirectionalLight3D" parent="."]
transform = Transform3D(-0.0419064, -0.0209993, 0.998901, 0.125398, 0.991763, 0.02611, -0.991221, 0.126354, -0.038928, -27.9737, 31.9029, 49.1601)
light_color = Color(1, 0.443137, 1, 1)
light_angular_distance = 15.45

[node name="DirectionalLight3D2" type="DirectionalLight3D" parent="."]
transform = Transform3D(-0.201372, 0.0339438, -0.978927, 0.167376, 0.985893, -0.000244911, 0.965109, -0.163898, -0.204212, 5.36278, 31.9923, 31.72)
light_color = Color(1, 0.443137, 1, 1)
light_angular_distance = 15.45

[node name="DirectionalLight3D" type="DirectionalLight3D" parent="."]
transform = Transform3D(-0.985411, 0.170192, 0, 0.00285741, 0.0165443, 0.999859, 0.170168, 0.985272, -0.0167893, 0.46435, 31.4703, 0)
light_color = Color(0.305289, 0.237303, 0.105288, 1)
light_angular_distance = 15.45

[node name="Player" parent="." instance=ExtResource("1_1e5wi")]
transform = Transform3D(1, 0, 0, 0, 1, 0, 0, 0, 1, 0, -0.631996, 0)

[node name="ObjLamp2" parent="." instance=ExtResource("2_w11jf")]
transform = Transform3D(1, 0, 0, 0, 1, 0, 0, 0, 1, -2.765, -2.014, 22.535)

[node name="ObjLamp" parent="." instance=ExtResource("2_w11jf")]
transform = Transform3D(1, 0, 0, 0, 1, 0, 0, 0, 1, 3.13211, -2.01379, 22.5347)

[node name="CSGCombiner3D" type="CSGCombiner3D" parent="."]
use_collision = true

[node name="Room 1" type="CSGBox3D" parent="CSGCombiner3D"]
transform = Transform3D(26.5282, 0, 0, 0, 11.8843, 0, 0, 0, 32.4408, 0, 16.1653, 0)
use_collision = true
flip_faces = true
size = Vector3(1, 3.08496, 1)

[node name="CSGBox3D" type="CSGBox3D" parent="CSGCombiner3D"]
transform = Transform3D(1, 0, 0, 0, 11.88, 0, 0, 0, 5, 0, 3.776, 34.3561)
flip_faces = true
size = Vector3(8.49132, 1, 7.30078)

[node name="CSGBox3D2" type="CSGBox3D" parent="CSGCombiner3D"]
transform = Transform3D(1, 0, 0, 0, 11.88, 0, 0, 0, 5, 0, -7.998, 34.356)
flip_faces = true
size = Vector3(8.491, 1, 3.862)

[node name="CSGBox3D" type="CSGBox3D" parent="."]
transform = Transform3D(1, 0, 0, 0, 1, 0, 0, 0, 1, 2.86905, -2.65502, 29.9614)
use_collision = true
size = Vector3(1, 1, 4.61407)

[node name="CSGBox3D2" type="CSGBox3D" parent="."]
transform = Transform3D(1, 0, 0, 0, 1, 0, 0, 0, 1, 0, -2.65502, 39.3986)
use_collision = true
size = Vector3(1, 1, 2.09882)

[node name="LoseArea" parent="." instance=ExtResource("3_pojm0")]
transform = Transform3D(17, 0, 0, 0, 17, 0, 0, 0, 17, 0.277734, -20.7023, 34.1612)

[node name="ObjKunci" parent="." instance=ExtResource("4_h161o")]
transform = Transform3D(-0.00753467, -0.000176729, 0.0377298, -0.00124921, 0.0384549, -6.9344e-05, -0.0377095, -0.00123859, -0.00753642, 0.598064, 0.183681, 52.5448)

[node name="ObjKunciMerah" parent="." instance=ExtResource("5_cev60")]
transform = Transform3D(-0.000667832, 0, 0.0379941, 0, 0.038, 0, -0.0379941, 0, -0.000667832, 1.34056, 0.184, 52.545)

[node name="PintuKuning" parent="." instance=ExtResource("3_vos4q")]
transform = Transform3D(-0.0502099, 0, 1.40685, 0, 1.40774, 0, -1.40685, 0, -0.0502099, -12.7389, -1.68749, 8.50437)

[node name="PintuKuning" type="StaticBody3D" parent="PintuKuning"]
script = ExtResource("7_i8jjt")

[node name="CollisionShape3D" type="CollisionShape3D" parent="PintuKuning/PintuKuning"]
transform = Transform3D(1, 0, -6.81728e-07, 0, 1, 0, 6.81728e-07, 0, 1, 0.0122309, 0.530701, -0.547338)
shape = SubResource("BoxShape3D_7q2qa")
